Matriz de 10x10
Tiempo promedio de solución: 0.00015628800611011684 s
Solución: (array([0.08101405, 0.31749293, 0.69027853, 1.16916997, 1.71537032,
       2.28462968, 2.83083003, 3.30972147, 3.68250707, 3.91898595]), array([[ 0.12013117, -0.23053002,  0.3222527 ,  0.38786839,  0.42206128,
         0.42206128,  0.38786839, -0.3222527 ,  0.23053002,  0.12013117],
       [ 0.23053002, -0.38786839,  0.42206128,  0.3222527 ,  0.12013117,
        -0.12013117, -0.3222527 ,  0.42206128, -0.38786839, -0.23053002],
       [ 0.3222527 , -0.42206128,  0.23053002, -0.12013117, -0.38786839,
        -0.38786839, -0.12013117, -0.23053002,  0.42206128,  0.3222527 ],
       [ 0.38786839, -0.3222527 , -0.12013117, -0.42206128, -0.23053002,
         0.23053002,  0.42206128, -0.12013117, -0.3222527 , -0.38786839],
       [ 0.42206128, -0.12013117, -0.38786839, -0.23053002,  0.3222527 ,
         0.3222527 , -0.23053002,  0.38786839,  0.12013117,  0.42206128],
       [ 0.42206128,  0.12013117, -0.38786839,  0.23053002,  0.3222527 ,
        -0.3222527 , -0.23053002, -0.38786839,  0.12013117, -0.42206128],
       [ 0.38786839,  0.3222527 , -0.12013117,  0.42206128, -0.23053002,
        -0.23053002,  0.42206128,  0.12013117, -0.3222527 ,  0.38786839],
       [ 0.3222527 ,  0.42206128,  0.23053002,  0.12013117, -0.38786839,
         0.38786839, -0.12013117,  0.23053002,  0.42206128, -0.3222527 ],
       [ 0.23053002,  0.38786839,  0.42206128, -0.3222527 ,  0.12013117,
         0.12013117, -0.3222527 , -0.42206128, -0.38786839,  0.23053002],
       [ 0.12013117,  0.23053002,  0.3222527 , -0.38786839,  0.42206128,
        -0.42206128,  0.38786839,  0.3222527 ,  0.23053002, -0.12013117]])) s
Matriz de 15x15
Tiempo promedio de solución: 9.610499546397477e-05 s
Solución: (array([0.03842944, 0.15224093, 0.33706078, 0.58578644, 0.88885953,
       1.23463314, 1.60981936, 2.        , 2.39018064, 2.76536686,
       3.11114047, 3.41421356, 3.66293922, 3.84775907, 3.96157056]), array([[ 6.89748448e-002,  1.35299025e-001,  1.96423740e-001,
         2.50000000e-001,  2.93968901e-001, -3.26640741e-001,
         3.46759961e-001, -3.53553391e-001,  3.46759961e-001,
         3.26640741e-001, -2.93968901e-001,  2.50000000e-001,
         1.96423740e-001,  1.35299025e-001,  6.89748448e-002],
       [ 1.35299025e-001,  2.50000000e-001,  3.26640741e-001,
         3.53553391e-001,  3.26640741e-001, -2.50000000e-001,
         1.35299025e-001,  2.35513869e-016, -1.35299025e-001,
        -2.50000000e-001,  3.26640741e-001, -3.53553391e-001,
        -3.26640741e-001, -2.50000000e-001, -1.35299025e-001],
       [ 1.96423740e-001,  3.26640741e-001,  3.46759961e-001,
         2.50000000e-001,  6.89748448e-002,  1.35299025e-001,
        -2.93968901e-001,  3.53553391e-001, -2.93968901e-001,
        -1.35299025e-001, -6.89748448e-002,  2.50000000e-001,
         3.46759961e-001,  3.26640741e-001,  1.96423740e-001],
       [ 2.50000000e-001,  3.53553391e-001,  2.50000000e-001,
         1.94289029e-016, -2.50000000e-001,  3.53553391e-001,
        -2.50000000e-001, -7.85046229e-016,  2.50000000e-001,
         3.53553391e-001, -2.50000000e-001, -5.56268465e-309,
        -2.50000000e-001, -3.53553391e-001, -2.50000000e-001],
       [ 2.93968901e-001,  3.26640741e-001,  6.89748448e-002,
        -2.50000000e-001, -3.46759961e-001,  1.35299025e-001,
         1.96423740e-001, -3.53553391e-001,  1.96423740e-001,
        -1.35299025e-001,  3.46759961e-001, -2.50000000e-001,
         6.89748448e-002,  3.26640741e-001,  2.93968901e-001],
       [ 3.26640741e-001,  2.50000000e-001, -1.35299025e-001,
        -3.53553391e-001, -1.35299025e-001, -2.50000000e-001,
         3.26640741e-001,  1.25607397e-015, -3.26640741e-001,
        -2.50000000e-001, -1.35299025e-001,  3.53553391e-001,
         1.35299025e-001, -2.50000000e-001, -3.26640741e-001],
       [ 3.46759961e-001,  1.35299025e-001, -2.93968901e-001,
        -2.50000000e-001,  1.96423740e-001, -3.26640741e-001,
        -6.89748448e-002,  3.53553391e-001, -6.89748448e-002,
         3.26640741e-001, -1.96423740e-001, -2.50000000e-001,
        -2.93968901e-001,  1.35299025e-001,  3.46759961e-001],
       [ 3.53553391e-001, -1.42100640e-014, -3.53553391e-001,
         4.27435864e-015,  3.53553391e-001,  3.11873902e-015,
        -3.53553391e-001, -2.51214793e-015,  3.53553391e-001,
        -3.48138309e-015,  3.53553391e-001,  6.66133815e-016,
         3.53553391e-001,  2.40339348e-016, -3.53553391e-001],
       [ 3.46759961e-001, -1.35299025e-001, -2.93968901e-001,
         2.50000000e-001,  1.96423740e-001,  3.26640741e-001,
        -6.89748448e-002, -3.53553391e-001, -6.89748448e-002,
        -3.26640741e-001, -1.96423740e-001,  2.50000000e-001,
        -2.93968901e-001, -1.35299025e-001,  3.46759961e-001],
       [ 3.26640741e-001, -2.50000000e-001, -1.35299025e-001,
         3.53553391e-001, -1.35299025e-001,  2.50000000e-001,
         3.26640741e-001,  1.13831703e-015, -3.26640741e-001,
         2.50000000e-001, -1.35299025e-001, -3.53553391e-001,
         1.35299025e-001,  2.50000000e-001, -3.26640741e-001],
       [ 2.93968901e-001, -3.26640741e-001,  6.89748448e-002,
         2.50000000e-001, -3.46759961e-001, -1.35299025e-001,
         1.96423740e-001,  3.53553391e-001,  1.96423740e-001,
         1.35299025e-001,  3.46759961e-001,  2.50000000e-001,
         6.89748448e-002, -3.26640741e-001,  2.93968901e-001],
       [ 2.50000000e-001, -3.53553391e-001,  2.50000000e-001,
        -6.16173779e-015, -2.50000000e-001, -3.53553391e-001,
        -2.50000000e-001, -1.80560633e-015,  2.50000000e-001,
        -3.53553391e-001, -2.50000000e-001, -9.99200722e-016,
        -2.50000000e-001,  3.53553391e-001, -2.50000000e-001],
       [ 1.96423740e-001, -3.26640741e-001,  3.46759961e-001,
        -2.50000000e-001,  6.89748448e-002, -1.35299025e-001,
        -2.93968901e-001, -3.53553391e-001, -2.93968901e-001,
         1.35299025e-001, -6.89748448e-002, -2.50000000e-001,
         3.46759961e-001, -3.26640741e-001,  1.96423740e-001],
       [ 1.35299025e-001, -2.50000000e-001,  3.26640741e-001,
        -3.53553391e-001,  3.26640741e-001,  2.50000000e-001,
         1.35299025e-001,  9.02803164e-016, -1.35299025e-001,
         2.50000000e-001,  3.26640741e-001,  3.53553391e-001,
        -3.26640741e-001,  2.50000000e-001, -1.35299025e-001],
       [ 6.89748448e-002, -1.35299025e-001,  1.96423740e-001,
        -2.50000000e-001,  2.93968901e-001,  3.26640741e-001,
         3.46759961e-001,  3.53553391e-001,  3.46759961e-001,
        -3.26640741e-001, -2.93968901e-001, -2.50000000e-001,
         1.96423740e-001, -1.35299025e-001,  6.89748448e-002]])) s
Matriz de 20x20
Tiempo promedio de solución: 0.00019734300440177321 s
Solución: (array([0.02233835, 0.08885439, 0.19806226, 0.34752245, 0.53389626,
       0.7530204 , 1.        , 1.26931795, 1.55495813, 1.85053981,
       2.14946019, 2.44504187, 2.73068205, 3.        , 3.2469796 ,
       3.46610374, 3.65247755, 3.80193774, 3.91114561, 3.97766165]), array([[ 4.59954419e-02,  9.09634217e-02,  1.33899429e-01,
         1.73844344e-01,  2.09905864e-01,  2.41278434e-01,
         2.67261242e-01,  2.87273876e-01,  3.00869286e-01,
        -3.07743773e-01,  3.07743773e-01,  3.00869286e-01,
         2.87273876e-01, -2.67261242e-01,  2.41278434e-01,
         2.09905864e-01,  1.73844344e-01,  1.33899429e-01,
         9.09634217e-02,  4.59954419e-02],
       [ 9.09634217e-02,  1.73844344e-01,  2.41278434e-01,
         2.87273876e-01,  3.07743773e-01,  3.00869286e-01,
         2.67261242e-01,  2.09905864e-01,  1.33899429e-01,
        -4.59954419e-02, -4.59954419e-02, -1.33899429e-01,
        -2.09905864e-01,  2.67261242e-01, -3.00869286e-01,
        -3.07743773e-01, -2.87273876e-01, -2.41278434e-01,
        -1.73844344e-01, -9.09634217e-02],
       [ 1.33899429e-01,  2.41278434e-01,  3.00869286e-01,
         3.00869286e-01,  2.41278434e-01,  1.33899429e-01,
        -4.74751335e-16, -1.33899429e-01, -2.41278434e-01,
         3.00869286e-01, -3.00869286e-01, -2.41278434e-01,
        -1.33899429e-01,  1.00884659e-15,  1.33899429e-01,
         2.41278434e-01,  3.00869286e-01,  3.00869286e-01,
         2.41278434e-01,  1.33899429e-01],
       [ 1.73844344e-01,  2.87273876e-01,  3.00869286e-01,
         2.09905864e-01,  4.59954419e-02, -1.33899429e-01,
        -2.67261242e-01, -3.07743773e-01, -2.41278434e-01,
         9.09634217e-02,  9.09634217e-02,  2.41278434e-01,
         3.07743773e-01, -2.67261242e-01,  1.33899429e-01,
        -4.59954419e-02, -2.09905864e-01, -3.00869286e-01,
        -2.87273876e-01, -1.73844344e-01],
       [ 2.09905864e-01,  3.07743773e-01,  2.41278434e-01,
         4.59954419e-02, -1.73844344e-01, -3.00869286e-01,
        -2.67261242e-01, -9.09634217e-02,  1.33899429e-01,
        -2.87273876e-01,  2.87273876e-01,  1.33899429e-01,
        -9.09634217e-02,  2.67261242e-01, -3.00869286e-01,
        -1.73844344e-01,  4.59954419e-02,  2.41278434e-01,
         3.07743773e-01,  2.09905864e-01],
       [ 2.41278434e-01,  3.00869286e-01,  1.33899429e-01,
        -1.33899429e-01, -3.00869286e-01, -2.41278434e-01,
         1.54294184e-15,  2.41278434e-01,  3.00869286e-01,
        -1.33899429e-01, -1.33899429e-01, -3.00869286e-01,
        -2.41278434e-01,  1.78031751e-15,  2.41278434e-01,
         3.00869286e-01,  1.33899429e-01, -1.33899429e-01,
        -3.00869286e-01, -2.41278434e-01],
       [ 2.67261242e-01,  2.67261242e-01,  4.14756459e-15,
        -2.67261242e-01, -2.67261242e-01,  1.39293894e-15,
         2.67261242e-01,  2.67261242e-01, -6.68064017e-17,
         2.67261242e-01, -2.67261242e-01,  6.34660816e-16,
         2.67261242e-01, -2.67261242e-01,  1.44651351e-15,
        -2.67261242e-01, -2.67261242e-01,  8.02754436e-16,
         2.67261242e-01,  2.67261242e-01],
       [ 2.87273876e-01,  2.09905864e-01, -1.33899429e-01,
        -3.07743773e-01, -9.09634217e-02,  2.41278434e-01,
         2.67261242e-01, -4.59954419e-02, -3.00869286e-01,
         1.73844344e-01,  1.73844344e-01,  3.00869286e-01,
         4.59954419e-02,  2.67261242e-01, -2.41278434e-01,
         9.09634217e-02,  3.07743773e-01,  1.33899429e-01,
        -2.09905864e-01, -2.87273876e-01],
       [ 3.00869286e-01,  1.33899429e-01, -2.41278434e-01,
        -2.41278434e-01,  1.33899429e-01,  3.00869286e-01,
        -4.15407418e-16, -3.00869286e-01, -1.33899429e-01,
        -2.41278434e-01,  2.41278434e-01, -1.33899429e-01,
        -3.00869286e-01,  2.72982018e-15,  3.00869286e-01,
         1.33899429e-01, -2.41278434e-01, -2.41278434e-01,
         1.33899429e-01,  3.00869286e-01],
       [ 3.07743773e-01,  4.59954419e-02, -3.00869286e-01,
        -9.09634217e-02,  2.87273876e-01,  1.33899429e-01,
        -2.67261242e-01, -1.73844344e-01,  2.41278434e-01,
        -2.09905864e-01, -2.09905864e-01, -2.41278434e-01,
         1.73844344e-01, -2.67261242e-01, -1.33899429e-01,
        -2.87273876e-01,  9.09634217e-02,  3.00869286e-01,
        -4.59954419e-02, -3.07743773e-01],
       [ 3.07743773e-01, -4.59954419e-02, -3.00869286e-01,
         9.09634217e-02,  2.87273876e-01, -1.33899429e-01,
        -2.67261242e-01,  1.73844344e-01,  2.41278434e-01,
         2.09905864e-01, -2.09905864e-01,  2.41278434e-01,
         1.73844344e-01,  2.67261242e-01, -1.33899429e-01,
         2.87273876e-01,  9.09634217e-02, -3.00869286e-01,
        -4.59954419e-02,  3.07743773e-01],
       [ 3.00869286e-01, -1.33899429e-01, -2.41278434e-01,
         2.41278434e-01,  1.33899429e-01, -3.00869286e-01,
         7.41798961e-16,  3.00869286e-01, -1.33899429e-01,
         2.41278434e-01,  2.41278434e-01,  1.33899429e-01,
        -3.00869286e-01,  2.87817997e-15,  3.00869286e-01,
        -1.33899429e-01, -2.41278434e-01,  2.41278434e-01,
         1.33899429e-01, -3.00869286e-01],
       [ 2.87273876e-01, -2.09905864e-01, -1.33899429e-01,
         3.07743773e-01, -9.09634217e-02, -2.41278434e-01,
         2.67261242e-01,  4.59954419e-02, -3.00869286e-01,
        -1.73844344e-01,  1.73844344e-01, -3.00869286e-01,
         4.59954419e-02, -2.67261242e-01, -2.41278434e-01,
        -9.09634217e-02,  3.07743773e-01, -1.33899429e-01,
        -2.09905864e-01,  2.87273876e-01],
       [ 2.67261242e-01, -2.67261242e-01, -2.05148356e-15,
         2.67261242e-01, -2.67261242e-01, -1.33936436e-15,
         2.67261242e-01, -2.67261242e-01,  6.01257615e-16,
        -2.67261242e-01, -2.67261242e-01,  1.26932163e-15,
         2.67261242e-01,  2.67261242e-01, -3.21447447e-16,
         2.67261242e-01, -2.67261242e-01,  2.08121520e-16,
         2.67261242e-01, -2.67261242e-01],
       [ 2.41278434e-01, -3.00869286e-01,  1.33899429e-01,
         1.33899429e-01, -3.00869286e-01,  2.41278434e-01,
         1.33523813e-15, -2.41278434e-01,  3.00869286e-01,
         1.33899429e-01, -1.33899429e-01,  3.00869286e-01,
        -2.41278434e-01,  2.96719584e-15,  2.41278434e-01,
        -3.00869286e-01,  1.33899429e-01,  1.33899429e-01,
        -3.00869286e-01,  2.41278434e-01],
       [ 2.09905864e-01, -3.07743773e-01,  2.41278434e-01,
        -4.59954419e-02, -1.73844344e-01,  3.00869286e-01,
        -2.67261242e-01,  9.09634217e-02,  1.33899429e-01,
         2.87273876e-01,  2.87273876e-01, -1.33899429e-01,
        -9.09634217e-02, -2.67261242e-01, -3.00869286e-01,
         1.73844344e-01,  4.59954419e-02, -2.41278434e-01,
         3.07743773e-01, -2.09905864e-01],
       [ 1.73844344e-01, -2.87273876e-01,  3.00869286e-01,
        -2.09905864e-01,  4.59954419e-02,  1.33899429e-01,
        -2.67261242e-01,  3.07743773e-01, -2.41278434e-01,
        -9.09634217e-02,  9.09634217e-02, -2.41278434e-01,
         3.07743773e-01,  2.67261242e-01,  1.33899429e-01,
         4.59954419e-02, -2.09905864e-01,  3.00869286e-01,
        -2.87273876e-01,  1.73844344e-01],
       [ 1.33899429e-01, -2.41278434e-01,  3.00869286e-01,
        -3.00869286e-01,  2.41278434e-01, -1.33899429e-01,
        -2.70014822e-15,  1.33899429e-01, -2.41278434e-01,
        -3.00869286e-01, -3.00869286e-01,  2.41278434e-01,
        -1.33899429e-01,  1.51326988e-15,  1.33899429e-01,
        -2.41278434e-01,  3.00869286e-01, -3.00869286e-01,
         2.41278434e-01, -1.33899429e-01],
       [ 9.09634217e-02, -1.73844344e-01,  2.41278434e-01,
        -2.87273876e-01,  3.07743773e-01, -3.00869286e-01,
         2.67261242e-01, -2.09905864e-01,  1.33899429e-01,
         4.59954419e-02, -4.59954419e-02,  1.33899429e-01,
        -2.09905864e-01, -2.67261242e-01, -3.00869286e-01,
         3.07743773e-01, -2.87273876e-01,  2.41278434e-01,
        -1.73844344e-01,  9.09634217e-02],
       [ 4.59954419e-02, -9.09634217e-02,  1.33899429e-01,
        -1.73844344e-01,  2.09905864e-01, -2.41278434e-01,
         2.67261242e-01, -2.87273876e-01,  3.00869286e-01,
         3.07743773e-01,  3.07743773e-01, -3.00869286e-01,
         2.87273876e-01,  2.67261242e-01,  2.41278434e-01,
        -2.09905864e-01,  1.73844344e-01, -1.33899429e-01,
         9.09634217e-02, -4.59954419e-02]])) s
Matriz de 30x30
Tiempo promedio de solución: 0.00023233299725688994 s
Solución: (array([0.01026135, 0.04094012, 0.09172149, 0.16208438, 0.25130677,
       0.35847312, 0.48248375, 0.62206616, 0.77578803, 0.94207198,
       1.1192117 , 1.30538949, 1.49869494, 1.69714444, 1.89870166,
       2.10129834, 2.30285556, 2.50130506, 2.69461051, 2.8807883 ,
       3.05792802, 3.22421197, 3.37793384, 3.51751625, 3.64152688,
       3.74869323, 3.83791562, 3.90827851, 3.95905988, 3.98973865]), array([[ 0.02569678, -0.05112988,  0.07603831, -0.10016649,  0.12326682,
         0.14510227,  0.16544878, -0.18409755, -0.20085724, -0.21555586,
         0.22804258, -0.23818928,  0.24589183, -0.25107121,  0.25367425,
        -0.25367425,  0.25107121,  0.24589183, -0.23818928,  0.22804258,
        -0.21555586,  0.20085724,  0.18409755,  0.16544878,  0.14510227,
         0.12326682, -0.10016649,  0.07603831, -0.05112988, -0.02569678],
       [ 0.05112988, -0.10016649,  0.14510227, -0.18409755,  0.21555586,
         0.23818928,  0.25107121, -0.25367425, -0.24589183, -0.22804258,
         0.20085724, -0.16544878,  0.12326682, -0.07603831,  0.02569678,
         0.02569678, -0.07603831, -0.12326682,  0.16544878, -0.20085724,
         0.22804258, -0.24589183, -0.25367425, -0.25107121, -0.23818928,
        -0.21555586,  0.18409755, -0.14510227,  0.10016649,  0.05112988],
       [ 0.07603831, -0.14510227,  0.20085724, -0.23818928,  0.25367425,
         0.24589183,  0.21555586, -0.16544878, -0.10016649, -0.02569678,
        -0.05112988,  0.12326682, -0.18409755,  0.22804258, -0.25107121,
         0.25107121, -0.22804258, -0.18409755,  0.12326682, -0.05112988,
        -0.02569678,  0.10016649,  0.16544878,  0.21555586,  0.24589183,
         0.25367425, -0.23818928,  0.20085724, -0.14510227, -0.07603831],
       [ 0.10016649, -0.18409755,  0.23818928, -0.25367425,  0.22804258,
         0.16544878,  0.07603831,  0.02569678,  0.12326682,  0.20085724,
        -0.24589183,  0.25107121, -0.21555586,  0.14510227, -0.05112988,
        -0.05112988,  0.14510227,  0.21555586, -0.25107121,  0.24589183,
        -0.20085724,  0.12326682,  0.02569678, -0.07603831, -0.16544878,
        -0.22804258,  0.25367425, -0.23818928,  0.18409755,  0.10016649],
       [ 0.12326682, -0.21555586,  0.25367425, -0.22804258,  0.14510227,
         0.02569678, -0.10016649,  0.20085724,  0.25107121,  0.23818928,
        -0.16544878,  0.05112988,  0.07603831, -0.18409755,  0.24589183,
        -0.24589183,  0.18409755,  0.07603831,  0.05112988, -0.16544878,
         0.23818928, -0.25107121, -0.20085724, -0.10016649,  0.02569678,
         0.14510227, -0.22804258,  0.25367425, -0.21555586, -0.12326682],
       [ 0.14510227, -0.23818928,  0.24589183, -0.16544878,  0.02569678,
        -0.12326682, -0.22804258,  0.25107121,  0.18409755,  0.05112988,
         0.10016649, -0.21555586,  0.25367425, -0.20085724,  0.07603831,
         0.07603831, -0.20085724, -0.25367425,  0.21555586, -0.10016649,
        -0.05112988,  0.18409755,  0.25107121,  0.22804258,  0.12326682,
        -0.02569678,  0.16544878, -0.24589183,  0.23818928,  0.14510227],
       [ 0.16544878, -0.25107121,  0.21555586, -0.07603831, -0.10016649,
        -0.22804258, -0.24589183,  0.14510227, -0.02569678, -0.18409755,
         0.25367425, -0.20085724,  0.05112988,  0.12326682, -0.23818928,
         0.23818928, -0.12326682,  0.05112988, -0.20085724,  0.25367425,
        -0.18409755,  0.02569678, -0.14510227, -0.24589183, -0.22804258,
        -0.10016649, -0.07603831,  0.21555586, -0.25107121, -0.16544878],
       [ 0.18409755, -0.25367425,  0.16544878,  0.02569678, -0.20085724,
        -0.25107121, -0.14510227, -0.05112988, -0.21555586, -0.24589183,
         0.12326682,  0.07603831, -0.22804258,  0.23818928, -0.10016649,
        -0.10016649,  0.23818928,  0.22804258, -0.07603831, -0.12326682,
         0.24589183, -0.21555586, -0.05112988,  0.14510227,  0.25107121,
         0.20085724, -0.02569678, -0.16544878,  0.25367425,  0.18409755],
       [ 0.20085724, -0.24589183,  0.10016649,  0.12326682, -0.25107121,
        -0.18409755,  0.02569678, -0.21555586, -0.23818928, -0.07603831,
        -0.14510227,  0.25367425, -0.16544878, -0.05112988,  0.22804258,
        -0.22804258,  0.05112988, -0.16544878,  0.25367425, -0.14510227,
        -0.07603831,  0.23818928,  0.21555586,  0.02569678, -0.18409755,
        -0.25107121,  0.12326682,  0.10016649, -0.24589183, -0.20085724],
       [ 0.21555586, -0.22804258,  0.02569678,  0.20085724, -0.23818928,
        -0.05112988,  0.18409755, -0.24589183, -0.07603831,  0.16544878,
        -0.25107121,  0.10016649,  0.14510227, -0.25367425,  0.12326682,
         0.12326682, -0.25367425, -0.14510227, -0.10016649,  0.25107121,
        -0.16544878, -0.07603831, -0.24589183, -0.18409755,  0.05112988,
         0.23818928, -0.20085724, -0.02569678,  0.22804258,  0.21555586],
       [ 0.22804258, -0.20085724, -0.05112988,  0.24589183, -0.16544878,
         0.10016649,  0.25367425, -0.12326682,  0.14510227,  0.25107121,
        -0.07603831, -0.18409755,  0.23818928, -0.02569678, -0.21555586,
         0.21555586,  0.02569678,  0.23818928, -0.18409755, -0.07603831,
         0.25107121, -0.14510227,  0.12326682,  0.25367425,  0.10016649,
        -0.16544878,  0.24589183, -0.05112988, -0.20085724, -0.22804258],
       [ 0.23818928, -0.16544878, -0.12326682,  0.25107121, -0.05112988,
         0.21555586,  0.20085724,  0.07603831,  0.25367425,  0.10016649,
         0.18409755, -0.22804258, -0.02569678,  0.24589183, -0.14510227,
        -0.14510227,  0.24589183,  0.02569678,  0.22804258, -0.18409755,
        -0.10016649,  0.25367425,  0.07603831, -0.20085724, -0.21555586,
         0.05112988, -0.25107121,  0.12326682,  0.16544878,  0.23818928],
       [ 0.24589183, -0.12326682, -0.18409755,  0.21555586,  0.07603831,
         0.25367425,  0.05112988,  0.22804258,  0.16544878, -0.14510227,
         0.23818928,  0.02569678, -0.25107121,  0.10016649,  0.20085724,
        -0.20085724, -0.10016649, -0.25107121,  0.02569678,  0.23818928,
        -0.14510227, -0.16544878, -0.22804258,  0.05112988,  0.25367425,
         0.07603831,  0.21555586, -0.18409755, -0.12326682, -0.24589183],
       [ 0.25107121, -0.07603831, -0.22804258,  0.14510227,  0.18409755,
         0.20085724, -0.12326682,  0.23818928, -0.05112988, -0.25367425,
         0.02569678,  0.24589183, -0.10016649, -0.21555586,  0.16544878,
         0.16544878, -0.21555586,  0.10016649, -0.24589183, -0.02569678,
         0.25367425, -0.05112988,  0.23818928,  0.12326682, -0.20085724,
        -0.18409755, -0.14510227,  0.22804258,  0.07603831,  0.25107121],
       [ 0.25367425, -0.02569678, -0.25107121,  0.05112988,  0.24589183,
         0.07603831, -0.23818928,  0.10016649, -0.22804258, -0.12326682,
        -0.21555586,  0.14510227,  0.20085724, -0.16544878, -0.18409755,
         0.18409755,  0.16544878,  0.20085724,  0.14510227, -0.21555586,
        -0.12326682,  0.22804258, -0.10016649, -0.23818928,  0.07603831,
         0.24589183,  0.05112988, -0.25107121, -0.02569678, -0.25367425],
       [ 0.25367425,  0.02569678, -0.25107121, -0.05112988,  0.24589183,
        -0.07603831, -0.23818928, -0.10016649, -0.22804258,  0.12326682,
        -0.21555586, -0.14510227,  0.20085724,  0.16544878, -0.18409755,
        -0.18409755,  0.16544878, -0.20085724,  0.14510227,  0.21555586,
        -0.12326682, -0.22804258, -0.10016649,  0.23818928,  0.07603831,
        -0.24589183,  0.05112988,  0.25107121, -0.02569678,  0.25367425],
       [ 0.25107121,  0.07603831, -0.22804258, -0.14510227,  0.18409755,
        -0.20085724, -0.12326682, -0.23818928, -0.05112988,  0.25367425,
         0.02569678, -0.24589183, -0.10016649,  0.21555586,  0.16544878,
        -0.16544878, -0.21555586, -0.10016649, -0.24589183,  0.02569678,
         0.25367425,  0.05112988,  0.23818928, -0.12326682, -0.20085724,
         0.18409755, -0.14510227, -0.22804258,  0.07603831, -0.25107121],
       [ 0.24589183,  0.12326682, -0.18409755, -0.21555586,  0.07603831,
        -0.25367425,  0.05112988, -0.22804258,  0.16544878,  0.14510227,
         0.23818928, -0.02569678, -0.25107121, -0.10016649,  0.20085724,
         0.20085724, -0.10016649,  0.25107121,  0.02569678, -0.23818928,
        -0.14510227,  0.16544878, -0.22804258, -0.05112988,  0.25367425,
        -0.07603831,  0.21555586,  0.18409755, -0.12326682,  0.24589183],
       [ 0.23818928,  0.16544878, -0.12326682, -0.25107121, -0.05112988,
        -0.21555586,  0.20085724, -0.07603831,  0.25367425, -0.10016649,
         0.18409755,  0.22804258, -0.02569678, -0.24589183, -0.14510227,
         0.14510227,  0.24589183, -0.02569678,  0.22804258,  0.18409755,
        -0.10016649, -0.25367425,  0.07603831,  0.20085724, -0.21555586,
        -0.05112988, -0.25107121, -0.12326682,  0.16544878, -0.23818928],
       [ 0.22804258,  0.20085724, -0.05112988, -0.24589183, -0.16544878,
        -0.10016649,  0.25367425,  0.12326682,  0.14510227, -0.25107121,
        -0.07603831,  0.18409755,  0.23818928,  0.02569678, -0.21555586,
        -0.21555586,  0.02569678, -0.23818928, -0.18409755,  0.07603831,
         0.25107121,  0.14510227,  0.12326682, -0.25367425,  0.10016649,
         0.16544878,  0.24589183,  0.05112988, -0.20085724,  0.22804258],
       [ 0.21555586,  0.22804258,  0.02569678, -0.20085724, -0.23818928,
         0.05112988,  0.18409755,  0.24589183, -0.07603831, -0.16544878,
        -0.25107121, -0.10016649,  0.14510227,  0.25367425,  0.12326682,
        -0.12326682, -0.25367425,  0.14510227, -0.10016649, -0.25107121,
        -0.16544878,  0.07603831, -0.24589183,  0.18409755,  0.05112988,
        -0.23818928, -0.20085724,  0.02569678,  0.22804258, -0.21555586],
       [ 0.20085724,  0.24589183,  0.10016649, -0.12326682, -0.25107121,
         0.18409755,  0.02569678,  0.21555586, -0.23818928,  0.07603831,
        -0.14510227, -0.25367425, -0.16544878,  0.05112988,  0.22804258,
         0.22804258,  0.05112988,  0.16544878,  0.25367425,  0.14510227,
        -0.07603831, -0.23818928,  0.21555586, -0.02569678, -0.18409755,
         0.25107121,  0.12326682, -0.10016649, -0.24589183,  0.20085724],
       [ 0.18409755,  0.25367425,  0.16544878, -0.02569678, -0.20085724,
         0.25107121, -0.14510227,  0.05112988, -0.21555586,  0.24589183,
         0.12326682, -0.07603831, -0.22804258, -0.23818928, -0.10016649,
         0.10016649,  0.23818928, -0.22804258, -0.07603831,  0.12326682,
         0.24589183,  0.21555586, -0.05112988, -0.14510227,  0.25107121,
        -0.20085724, -0.02569678,  0.16544878,  0.25367425, -0.18409755],
       [ 0.16544878,  0.25107121,  0.21555586,  0.07603831, -0.10016649,
         0.22804258, -0.24589183, -0.14510227, -0.02569678,  0.18409755,
         0.25367425,  0.20085724,  0.05112988, -0.12326682, -0.23818928,
        -0.23818928, -0.12326682, -0.05112988, -0.20085724, -0.25367425,
        -0.18409755, -0.02569678, -0.14510227,  0.24589183, -0.22804258,
         0.10016649, -0.07603831, -0.21555586, -0.25107121,  0.16544878],
       [ 0.14510227,  0.23818928,  0.24589183,  0.16544878,  0.02569678,
         0.12326682, -0.22804258, -0.25107121,  0.18409755, -0.05112988,
         0.10016649,  0.21555586,  0.25367425,  0.20085724,  0.07603831,
        -0.07603831, -0.20085724,  0.25367425,  0.21555586,  0.10016649,
        -0.05112988, -0.18409755,  0.25107121, -0.22804258,  0.12326682,
         0.02569678,  0.16544878,  0.24589183,  0.23818928, -0.14510227],
       [ 0.12326682,  0.21555586,  0.25367425,  0.22804258,  0.14510227,
        -0.02569678, -0.10016649, -0.20085724,  0.25107121, -0.23818928,
        -0.16544878, -0.05112988,  0.07603831,  0.18409755,  0.24589183,
         0.24589183,  0.18409755, -0.07603831,  0.05112988,  0.16544878,
         0.23818928,  0.25107121, -0.20085724,  0.10016649,  0.02569678,
        -0.14510227, -0.22804258, -0.25367425, -0.21555586,  0.12326682],
       [ 0.10016649,  0.18409755,  0.23818928,  0.25367425,  0.22804258,
        -0.16544878,  0.07603831, -0.02569678,  0.12326682, -0.20085724,
        -0.24589183, -0.25107121, -0.21555586, -0.14510227, -0.05112988,
         0.05112988,  0.14510227, -0.21555586, -0.25107121, -0.24589183,
        -0.20085724, -0.12326682,  0.02569678,  0.07603831, -0.16544878,
         0.22804258,  0.25367425,  0.23818928,  0.18409755, -0.10016649],
       [ 0.07603831,  0.14510227,  0.20085724,  0.23818928,  0.25367425,
        -0.24589183,  0.21555586,  0.16544878, -0.10016649,  0.02569678,
        -0.05112988, -0.12326682, -0.18409755, -0.22804258, -0.25107121,
        -0.25107121, -0.22804258,  0.18409755,  0.12326682,  0.05112988,
        -0.02569678, -0.10016649,  0.16544878, -0.21555586,  0.24589183,
        -0.25367425, -0.23818928, -0.20085724, -0.14510227,  0.07603831],
       [ 0.05112988,  0.10016649,  0.14510227,  0.18409755,  0.21555586,
        -0.23818928,  0.25107121,  0.25367425, -0.24589183,  0.22804258,
         0.20085724,  0.16544878,  0.12326682,  0.07603831,  0.02569678,
        -0.02569678, -0.07603831,  0.12326682,  0.16544878,  0.20085724,
         0.22804258,  0.24589183, -0.25367425,  0.25107121, -0.23818928,
         0.21555586,  0.18409755,  0.14510227,  0.10016649, -0.05112988],
       [ 0.02569678,  0.05112988,  0.07603831,  0.10016649,  0.12326682,
        -0.14510227,  0.16544878,  0.18409755, -0.20085724,  0.21555586,
         0.22804258,  0.23818928,  0.24589183,  0.25107121,  0.25367425,
         0.25367425,  0.25107121, -0.24589183, -0.23818928, -0.22804258,
        -0.21555586, -0.20085724,  0.18409755, -0.16544878,  0.14510227,
        -0.12326682, -0.10016649, -0.07603831, -0.05112988,  0.02569678]])) s
Matriz de 40x40
Tiempo promedio de solución: 0.0003512989933369681 s
Solución: (array([0.0058684 , 0.02343915, 0.05260915, 0.09320722, 0.1449951 ,
       0.20766889, 0.28086079, 0.36414128, 0.45702164, 0.55895681,
       0.6693486 , 0.78754918, 0.9128649 , 1.04456036, 1.18186273,
       1.32396624, 1.470037  , 1.61921778, 1.77063315, 1.92339453,
       2.07660547, 2.22936685, 2.38078222, 2.529963  , 2.67603376,
       2.81813727, 2.95543964, 3.0871351 , 3.21245082, 3.3306514 ,
       3.44104319, 3.54297836, 3.63585872, 3.71913921, 3.79233111,
       3.8550049 , 3.90679278, 3.94739085, 3.97656085, 3.9941316 ]), array([[ 0.0169069 ,  0.03371459,  0.05032442, ..., -0.05032442,
         0.03371459, -0.0169069 ],
       [ 0.03371459,  0.06663893,  0.09800132, ...,  0.09800132,
        -0.06663893,  0.03371459],
       [ 0.05032442,  0.09800132,  0.14052245, ..., -0.14052245,
         0.09800132, -0.05032442],
       ...,
       [ 0.05032442, -0.09800132,  0.14052245, ...,  0.14052245,
         0.09800132,  0.05032442],
       [ 0.03371459, -0.06663893,  0.09800132, ..., -0.09800132,
        -0.06663893, -0.03371459],
       [ 0.0169069 , -0.03371459,  0.05032442, ...,  0.05032442,
         0.03371459,  0.0169069 ]])) s
Matriz de 50x50
Tiempo promedio de solución: 0.0005281139892758802 s
Solución: (array([3.79334253e-03, 1.51589807e-02, 3.40538006e-02, 6.04061279e-02,
       9.41159991e-02, 1.35055541e-01, 1.83069456e-01, 2.37975611e-01,
       2.99565729e-01, 3.67606175e-01, 4.41838851e-01, 5.21982166e-01,
       6.07732108e-01, 6.98763400e-01, 7.94730727e-01, 8.95270054e-01,
       1.00000000e+00, 1.10852329e+00, 1.22042825e+00, 1.33529040e+00,
       1.45267402e+00, 1.57213383e+00, 1.69321669e+00, 1.81546328e+00,
       1.93840988e+00, 2.06159012e+00, 2.18453672e+00, 2.30678331e+00,
       2.42786617e+00, 2.54732598e+00, 2.66470960e+00, 2.77957175e+00,
       2.89147671e+00, 3.00000000e+00, 3.10472995e+00, 3.20526927e+00,
       3.30123660e+00, 3.39226789e+00, 3.47801783e+00, 3.55816115e+00,
       3.63239382e+00, 3.70043427e+00, 3.76202439e+00, 3.81693054e+00,
       3.86494446e+00, 3.90588400e+00, 3.93959387e+00, 3.96594620e+00,
       3.98484102e+00, 3.99620666e+00]), array([[ 0.01219088,  0.02433551,  0.03638783, ..., -0.03638783,
         0.02433551, -0.01219088],
       [ 0.02433551,  0.04830211,  0.07153651, ...,  0.07153651,
        -0.04830211,  0.02433551],
       [ 0.03638783,  0.07153651,  0.1042491 , ..., -0.1042491 ,
         0.07153651, -0.03638783],
       ...,
       [ 0.03638783, -0.07153651,  0.1042491 , ...,  0.1042491 ,
         0.07153651,  0.03638783],
       [ 0.02433551, -0.04830211,  0.07153651, ..., -0.07153651,
        -0.04830211, -0.02433551],
       [ 0.01219088, -0.02433551,  0.03638783, ...,  0.03638783,
         0.02433551,  0.01219088]])) s
Matriz de 60x60
Tiempo promedio de solución: 0.0006942000036360696 s
Solución: (array([2.65182023e-03, 1.06002488e-02, 2.38242078e-02, 4.22886298e-02,
       6.59445504e-02, 9.47292384e-02, 1.28566362e-01, 1.67366191e-01,
       2.11025836e-01, 2.59429518e-01, 3.12448880e-01, 3.69943325e-01,
       4.31760387e-01, 4.97736138e-01, 5.67695623e-01, 6.41453322e-01,
       7.18813643e-01, 7.99571439e-01, 8.83512556e-01, 9.70414397e-01,
       1.06004651e+00, 1.15217122e+00, 1.24654421e+00, 1.34291524e+00,
       1.44102873e+00, 1.54062452e+00, 1.64143848e+00, 1.74320329e+00,
       1.84564908e+00, 1.94850417e+00, 2.05149583e+00, 2.15435092e+00,
       2.25679671e+00, 2.35856152e+00, 2.45937548e+00, 2.55897127e+00,
       2.65708476e+00, 2.75345579e+00, 2.84782878e+00, 2.93995349e+00,
       3.02958560e+00, 3.11648744e+00, 3.20042856e+00, 3.28118636e+00,
       3.35854668e+00, 3.43230438e+00, 3.50226386e+00, 3.56823961e+00,
       3.63005668e+00, 3.68755112e+00, 3.74057048e+00, 3.78897416e+00,
       3.83263381e+00, 3.87143364e+00, 3.90527076e+00, 3.93405545e+00,
       3.95771137e+00, 3.97617579e+00, 3.98939975e+00, 3.99734818e+00]), array([[ 0.00932133,  0.01861795,  0.0278652 , ..., -0.0278652 ,
         0.01861795, -0.00932133],
       [ 0.01861795,  0.03703855,  0.05506653, ...,  0.05506653,
        -0.03703855,  0.01861795],
       [ 0.0278652 ,  0.05506653,  0.08095594, ..., -0.08095594,
         0.05506653, -0.0278652 ],
       ...,
       [ 0.0278652 , -0.05506653,  0.08095594, ...,  0.08095594,
         0.05506653,  0.0278652 ],
       [ 0.01861795, -0.03703855,  0.05506653, ..., -0.05506653,
        -0.03703855, -0.01861795],
       [ 0.00932133, -0.01861795,  0.0278652 , ...,  0.0278652 ,
         0.01861795,  0.00932133]])) s
Matriz de 70x70
Tiempo promedio de solución: 0.0016804479964775965 s
Solución: (array([1.95754696e-03, 7.82635585e-03, 1.75949382e-02, 3.12441716e-02,
       4.87473369e-02, 7.00701710e-02, 9.51709333e-02, 1.24000488e-01,
       1.56502400e-01, 1.92613045e-01, 2.32261735e-01, 2.75370855e-01,
       3.21856018e-01, 3.71626227e-01, 4.24584053e-01, 4.80625831e-01,
       5.39641855e-01, 6.01516598e-01, 6.66128938e-01, 7.33352394e-01,
       8.03055372e-01, 8.75101425e-01, 9.49349520e-01, 1.02565431e+00,
       1.10386643e+00, 1.18383278e+00, 1.26539680e+00, 1.34839885e+00,
       1.43267644e+00, 1.51806460e+00, 1.60439616e+00, 1.69150213e+00,
       1.77921201e+00, 1.86735409e+00, 1.95575583e+00, 2.04424417e+00,
       2.13264591e+00, 2.22078799e+00, 2.30849787e+00, 2.39560384e+00,
       2.48193540e+00, 2.56732356e+00, 2.65160115e+00, 2.73460320e+00,
       2.81616722e+00, 2.89613357e+00, 2.97434569e+00, 3.05065048e+00,
       3.12489858e+00, 3.19694463e+00, 3.26664761e+00, 3.33387106e+00,
       3.39848340e+00, 3.46035815e+00, 3.51937417e+00, 3.57541595e+00,
       3.62837377e+00, 3.67814398e+00, 3.72462915e+00, 3.76773827e+00,
       3.80738696e+00, 3.84349760e+00, 3.87599951e+00, 3.90482907e+00,
       3.92992983e+00, 3.95125266e+00, 3.96875583e+00, 3.98240506e+00,
       3.99217364e+00, 3.99804245e+00]), array([[ 0.00742396, -0.01483339,  0.02221378, ...,  0.02221378,
         0.01483339, -0.00742396],
       [ 0.01483339, -0.02955068,  0.0440367 , ..., -0.0440367 ,
        -0.02955068,  0.01483339],
       [ 0.02221378, -0.0440367 ,  0.06508481, ...,  0.06508481,
         0.0440367 , -0.02221378],
       ...,
       [ 0.02221378,  0.0440367 ,  0.06508481, ..., -0.06508481,
         0.0440367 ,  0.02221378],
       [ 0.01483339,  0.02955068,  0.0440367 , ...,  0.0440367 ,
        -0.02955068, -0.01483339],
       [ 0.00742396,  0.01483339,  0.02221378, ..., -0.02221378,
         0.01483339,  0.00742396]])) s
Matriz de 80x80
Tiempo promedio de solución: 0.001281096992897801 s
Solución: (array([1.50409499e-03, 6.01411766e-03, 1.35232845e-02, 2.40203010e-02,
       3.74893787e-02, 5.39102588e-02, 7.32582428e-02, 9.55042293e-02,
       1.20614758e-01, 1.48552061e-01, 1.79274118e-01, 2.12734719e-01,
       2.48883537e-01, 2.87666201e-01, 3.29024377e-01, 3.72895859e-01,
       4.19214661e-01, 4.67911114e-01, 5.18911974e-01, 5.72140531e-01,
       6.27516724e-01, 6.84957263e-01, 7.44375751e-01, 8.05682817e-01,
       8.68786249e-01, 9.33591134e-01, 1.00000000e+00, 1.06791296e+00,
       1.13722787e+00, 1.20784047e+00, 1.27964455e+00, 1.35253212e+00,
       1.42639353e+00, 1.50111771e+00, 1.57659226e+00, 1.65270364e+00,
       1.72933740e+00, 1.80637826e+00, 1.88371034e+00, 1.96121734e+00,
       2.03878266e+00, 2.11628966e+00, 2.19362174e+00, 2.27066260e+00,
       2.34729636e+00, 2.42340774e+00, 2.49888229e+00, 2.57360647e+00,
       2.64746788e+00, 2.72035545e+00, 2.79215953e+00, 2.86277213e+00,
       2.93208704e+00, 3.00000000e+00, 3.06640887e+00, 3.13121375e+00,
       3.19431718e+00, 3.25562425e+00, 3.31504274e+00, 3.37248328e+00,
       3.42785947e+00, 3.48108803e+00, 3.53208889e+00, 3.58078534e+00,
       3.62710414e+00, 3.67097562e+00, 3.71233380e+00, 3.75111646e+00,
       3.78726528e+00, 3.82072588e+00, 3.85144794e+00, 3.87938524e+00,
       3.90449577e+00, 3.92674176e+00, 3.94608974e+00, 3.96251062e+00,
       3.97597970e+00, 3.98647672e+00, 3.99398588e+00, 3.99849591e+00]), array([[ 0.00609296, -0.01217676,  0.01824224, ..., -0.01824224,
         0.01217676,  0.00609296],
       [ 0.01217676, -0.02428029,  0.03623779, ...,  0.03623779,
        -0.02428029, -0.01217676],
       [ 0.01824224, -0.03623779,  0.05374328, ..., -0.05374328,
         0.03623779,  0.01824224],
       ...,
       [ 0.01824224,  0.03623779,  0.05374328, ...,  0.05374328,
         0.03623779, -0.01824224],
       [ 0.01217676,  0.02428029,  0.03623779, ..., -0.03623779,
        -0.02428029,  0.01217676],
       [ 0.00609296,  0.01217676,  0.01824224, ...,  0.01824224,
         0.01217676, -0.00609296]])) s
Matriz de 100x100
Tiempo promedio de solución: 0.0019431060063652694 s
Solución: (array([9.67435416e-04, 3.86880573e-03, 8.70130406e-03, 1.54602553e-02,
       2.41391205e-02, 3.47295036e-02, 4.72211589e-02, 6.16020016e-02,
       7.78581192e-02, 9.59737849e-02, 1.15931473e-01, 1.37711876e-01,
       1.61293922e-01, 1.86654798e-01, 2.13769968e-01, 2.42613200e-01,
       2.73156590e-01, 3.05370590e-01, 3.39224034e-01, 3.74684172e-01,
       4.11716698e-01, 4.50285786e-01, 4.90354122e-01, 5.31882942e-01,
       5.74832072e-01, 6.19159959e-01, 6.64823720e-01, 7.11779177e-01,
       7.59980905e-01, 8.09382271e-01, 8.59935484e-01, 9.11591634e-01,
       9.64300750e-01, 1.01801184e+00, 1.07267294e+00, 1.12823116e+00,
       1.18463277e+00, 1.24182319e+00, 1.29974710e+00, 1.35834846e+00,
       1.41757058e+00, 1.47735615e+00, 1.53764736e+00, 1.59838585e+00,
       1.65951289e+00, 1.72096932e+00, 1.78269570e+00, 1.84463231e+00,
       1.90671922e+00, 1.96889638e+00, 2.03110362e+00, 2.09328078e+00,
       2.15536769e+00, 2.21730430e+00, 2.27903068e+00, 2.34048711e+00,
       2.40161415e+00, 2.46235264e+00, 2.52264385e+00, 2.58242942e+00,
       2.64165154e+00, 2.70025290e+00, 2.75817681e+00, 2.81536723e+00,
       2.87176884e+00, 2.92732706e+00, 2.98198816e+00, 3.03569925e+00,
       3.08840837e+00, 3.14006452e+00, 3.19061773e+00, 3.24001909e+00,
       3.28822082e+00, 3.33517628e+00, 3.38084004e+00, 3.42516793e+00,
       3.46811706e+00, 3.50964588e+00, 3.54971421e+00, 3.58828330e+00,
       3.62531583e+00, 3.66077597e+00, 3.69462941e+00, 3.72684341e+00,
       3.75738680e+00, 3.78623003e+00, 3.81334520e+00, 3.83870608e+00,
       3.86228812e+00, 3.88406853e+00, 3.90402622e+00, 3.92214188e+00,
       3.93839800e+00, 3.95277884e+00, 3.96527050e+00, 3.97586088e+00,
       3.98453974e+00, 3.99129870e+00, 3.99613119e+00, 3.99903256e+00]), array([[ 0.00437636,  0.00874848,  0.01311214, ...,  0.01311214,
         0.00874848,  0.00437636],
       [ 0.00874848,  0.01746312,  0.02611019, ..., -0.02611019,
        -0.01746312, -0.00874848],
       [ 0.01311214,  0.02611019,  0.03888104, ...,  0.03888104,
